[16, 45],0
[16, 45],0
[16, 45],0
[16, 45],0
[16, 45],0
[16, 46],0
[16, 46],0
[16, 46],0
[16, 46],0
[16, 46],0
[16, 46],0
[16, 47],0
[16, 47],0
[16, 47],0
[16, 47],0
[16, 47],0
[16, 47],0
[16, 48],0
[16, 48],0
[16, 48],0
[16, 48],0
[16, 48],0
[16, 48],0
[16, 49],0
[16, 49],0
[16, 49],0
[16, 49],0
[16, 49],0
[16, 49],0
[16, 50],0
[16, 50],0
[16, 50],0
[16, 50],0
[16, 50],0
[16, 50],0
[16, 51],0
[16, 51],0
[16, 51],0
[16, 51],0
[16, 51],0
[16, 51],0
[16, 52],0
[16, 52],0
[16, 52],0
[16, 52],0
[16, 52],0
[16, 52],0
[16, 53],0
[16, 53],0
[16, 53],0
[16, 53],0
[16, 53],0
[16, 53],0
[16, 54],0
[16, 54],0
[16, 54],0
[16, 54],0
[16, 54],0
[16, 54],0
[16, 58],0
[16, 58],0
[16, 58],0
[16, 58],0
[16, 58],0
[16, 59],0
[16, 59],0
[16, 59],0
[16, 59],0
[16, 59],0
[16, 59],0
