[18, 3],0
[18, 3],503
[18, 4],-421
[18, 4],0
[18, 4],0
[18, 4],0
[18, 4],0
[18, 5],0
[18, 5],0
[18, 5],0
[18, 5],0
[18, 5],0
[18, 6],0
[18, 6],-113
[18, 6],113
[18, 6],36
[18, 6],-36
[18, 7],0
[18, 7],0
[18, 7],27
[18, 7],-27
[18, 7],0
[18, 8],0
[18, 8],0
[18, 8],0
[18, 8],0
[18, 8],0
[18, 9],0
[18, 9],0
[18, 9],0
[18, 9],0
[18, 9],0
[18, 10],0
[18, 10],0
[18, 10],0
[18, 10],0
[18, 10],0
[18, 11],15
[18, 11],-15
[18, 11],0
[18, 11],0
[18, 11],0
[18, 12],0
[18, 12],0
[18, 12],0
[18, 12],0
[18, 12],0
[18, 12],0
[18, 13],0
[18, 13],0
[18, 13],0
[18, 13],0
[18, 14],0
[18, 14],0
[18, 14],0
[18, 14],0
[18, 14],0
[18, 15],0
[18, 15],0
[18, 15],0
[18, 15],0
[18, 15],0
[18, 16],0
[18, 16],0
[18, 16],0
[18, 16],-33
[18, 16],33
[18, 17],0
[18, 17],0
[18, 17],0
[18, 17],0
[18, 17],0
[18, 17],0
[18, 18],0
[18, 18],0
[18, 18],0
[18, 18],0
[18, 18],0
[18, 19],0
[18, 19],0
[18, 19],0
[18, 19],0
[18, 19],0
[18, 20],0
[18, 20],0
[18, 20],0
[18, 20],0
[18, 20],0
[18, 21],0
[18, 21],0
[18, 21],0
[18, 21],0
[18, 21],0
[18, 22],0
[18, 22],0
[18, 22],0
[18, 22],0
[18, 22],0
[18, 23],0
[18, 23],0
[18, 23],0
[18, 23],0
[18, 23],0
[18, 24],0
[18, 24],0
[18, 24],0
[18, 24],0
[18, 24],0
[18, 25],0
[18, 25],0
[18, 25],0
[18, 25],0
[18, 25],0
[18, 26],0
[18, 26],0
[18, 26],0
[18, 26],0
[18, 26],0
[18, 27],0
[18, 27],0
[18, 27],0
[18, 27],0
[18, 27],0
[18, 28],0
[18, 28],0
[18, 28],0
[18, 28],0
[18, 28],0
[18, 28],0
[18, 29],0
[18, 29],415
[18, 29],-390
[18, 29],0
[18, 30],0
[18, 30],0
[18, 30],0
[18, 30],0
[18, 30],0
[18, 31],0
[18, 31],0
[18, 31],0
[18, 31],0
[18, 31],0
[18, 32],0
[18, 32],0
[18, 32],0
[18, 32],0
[18, 32],0
[18, 33],0
[18, 33],0
[18, 33],0
[18, 33],0
[18, 33],0
[18, 34],0
[18, 34],0
[18, 34],0
[18, 34],0
[18, 34],0
[18, 35],0
[18, 35],0
[18, 35],0
[18, 35],0
[18, 35],0
[18, 36],0
[18, 36],0
[18, 36],0
[18, 36],0
[18, 36],0
[18, 37],0
[18, 37],0
[18, 37],0
[18, 37],30
[18, 37],-30
[18, 38],0
[18, 38],0
[18, 38],0
[18, 38],0
[18, 38],-192
[18, 38],192
[18, 39],0
[18, 39],0
[18, 39],0
[18, 39],0
[18, 39],0
[18, 40],0
[18, 40],0
[18, 40],0
[18, 40],0
[18, 40],0
[18, 41],0
[18, 41],0
[18, 41],0
[18, 41],0
[18, 41],0
[18, 42],0
[18, 42],0
[18, 42],0
[18, 42],0
[18, 42],0
[18, 43],0
[18, 43],0
[18, 43],0
[18, 43],0
[18, 43],0
[18, 44],0
[18, 44],14
[18, 44],-14
[18, 44],0
[18, 44],0
[18, 45],0
[18, 45],0
[18, 45],0
[18, 45],0
[18, 45],0
[18, 46],0
[18, 46],0
[18, 46],0
[18, 46],0
[18, 46],0
[18, 47],0
[18, 47],0
[18, 47],0
[18, 47],0
[18, 47],0
[18, 48],0
[18, 48],0
[18, 48],0
[18, 48],0
[18, 48],0
[18, 48],0
[18, 49],0
[18, 49],0
[18, 49],0
[18, 49],0
[18, 49],0
[18, 50],0
[18, 50],0
[18, 50],0
[18, 50],0
[18, 50],0
[18, 51],0
[18, 51],0
[18, 51],0
[18, 51],0
[18, 51],0
[18, 52],0
[18, 52],0
[18, 52],0
[18, 52],0
[18, 52],0
[18, 53],0
[18, 53],0
[18, 53],0
[18, 53],0
[18, 53],0
[18, 54],0
[18, 54],0
[18, 54],0
[18, 54],0
[18, 54],0
[18, 55],0
[18, 55],0
[18, 55],0
[18, 55],0
[18, 55],0
[18, 56],0
[18, 56],0
[18, 56],0
[18, 56],0
[18, 56],0
[18, 57],0
[18, 57],0
[18, 57],0
[18, 57],0
[18, 57],0
[18, 58],0
[18, 58],0
[18, 58],0
[18, 58],0
[18, 58],0
[18, 59],0
[18, 59],0
[18, 59],0
[18, 59],0
[18, 59],0
[18, 59],0
[19, 0],0
[19, 0],0
[19, 0],0
[19, 0],0
[19, 0],0
[19, 1],0
[19, 1],0
[19, 1],0
[19, 1],0
[19, 1],0
[19, 2],0
[19, 2],0
[19, 2],0
[19, 2],0
[19, 2],0
[19, 3],0
[19, 3],0
[19, 3],0
[19, 3],0
[19, 3],0
[19, 4],0
[19, 4],0
[19, 4],0
[19, 4],0
[19, 4],0
[19, 5],0
[19, 5],0
[19, 5],0
[19, 5],0
[19, 5],0
[19, 6],0
[19, 6],0
[19, 6],0
[19, 6],0
[19, 6],0
[19, 7],0
[19, 7],17
[19, 7],-17
[19, 7],0
[19, 7],0
[19, 8],0
[19, 8],0
[19, 8],0
[19, 8],0
[19, 8],0
[19, 8],0
[19, 9],0
[19, 9],0
[19, 9],0
[19, 9],227
[19, 9],-166
[19, 10],0
[19, 10],0
[19, 10],0
[19, 10],0
[19, 10],0
[19, 11],0
[19, 11],0
[19, 11],0
[19, 11],0
[19, 11],0
[19, 12],0
[19, 12],0
[19, 12],0
[19, 12],0
[19, 12],0
[19, 13],0
[19, 13],0
[19, 13],0
[19, 13],0
[19, 13],0
[19, 14],0
[19, 14],0
[19, 14],0
[19, 14],0
[19, 14],0
[19, 15],0
[19, 15],0
[19, 15],0
[19, 15],0
[19, 15],0
[19, 16],0
[19, 16],0
[19, 16],0
[19, 16],0
[19, 16],0
[19, 17],0
[19, 17],0
[19, 17],0
[19, 17],0
[19, 17],0
[19, 18],0
[19, 18],0
[19, 18],0
[19, 18],0
[19, 18],0
[19, 19],0
[19, 19],0
[19, 19],0
[19, 19],0
[19, 19],0
[19, 19],0
[19, 20],0
[19, 20],0
[19, 20],0
[19, 20],0
[19, 20],0
[19, 21],0
[19, 21],0
[19, 21],0
[19, 21],0
[19, 21],0
[19, 22],0
[19, 22],0
[19, 22],0
[19, 22],0
[19, 22],0
[19, 23],0
[19, 23],0
[19, 23],0
[19, 23],0
[19, 23],12
[19, 24],-12
[19, 24],0
[19, 24],0
[19, 24],0
[19, 24],0
[19, 25],0
[19, 25],0
[19, 25],0
[19, 25],0
[19, 25],0
[19, 26],0
[19, 26],0
[19, 26],0
[19, 26],0
[19, 26],0
[19, 27],0
[19, 27],0
[19, 27],0
[19, 27],0
[19, 27],0
[19, 28],0
[19, 28],0
[19, 28],0
[19, 28],0
[19, 28],0
[19, 29],0
[19, 29],0
[19, 29],0
[19, 29],0
[19, 29],0
[19, 30],0
[19, 30],0
[19, 30],0
[19, 30],0
[19, 30],0
[19, 30],0
[19, 31],0
[19, 31],0
[19, 31],0
[19, 31],0
[19, 31],0
[19, 32],0
[19, 32],0
[19, 32],0
[19, 32],0
[19, 32],0
[19, 33],0
[19, 33],0
[19, 33],0
[19, 33],0
[19, 33],0
[19, 34],0
[19, 34],0
[19, 34],0
[19, 34],0
[19, 34],0
[19, 35],0
[19, 35],0
[19, 35],0
[19, 35],0
[19, 35],0
[19, 36],0
[19, 36],0
[19, 36],0
[19, 36],0
[19, 36],0
[19, 37],0
[19, 37],0
[19, 37],0
[19, 37],0
[19, 37],0
[19, 38],0
[19, 38],0
[19, 38],0
[19, 38],0
[19, 38],0
[19, 39],0
[19, 39],0
[19, 39],0
[19, 39],0
[19, 39],0
[19, 40],0
[19, 40],0
[19, 40],0
[19, 40],0
[19, 40],0
[19, 41],0
[19, 41],0
[19, 41],0
[19, 41],0
[19, 41],0
[19, 41],0
[19, 42],0
[19, 42],0
[19, 42],0
[19, 42],0
[19, 42],0
[19, 43],0
[19, 43],0
[19, 43],0
[19, 43],0
[19, 43],0
[19, 44],0
[19, 44],0
[19, 44],0
[19, 44],0
[19, 44],0
[19, 45],0
[19, 45],0
[19, 45],0
[19, 45],54
[19, 45],0
[19, 46],0
[19, 46],0
[19, 46],0
[19, 46],0
[19, 46],0
[19, 47],0
[19, 47],0
[19, 47],0
[19, 47],0
[19, 47],0
[19, 48],0
[19, 48],0
[19, 48],0
[19, 48],0
[19, 48],0
[19, 49],0
[19, 49],0
[19, 49],0
[19, 49],0
[19, 49],0
[19, 50],0
[19, 50],0
[19, 50],0
[19, 50],0
[19, 50],0
[19, 50],0
[19, 51],0
[19, 51],0
[19, 51],0
[19, 51],0
[19, 51],0
[19, 52],0
[19, 52],0
[19, 52],0
[19, 52],0
[19, 52],0
[19, 53],0
[19, 53],0
[19, 53],0
[19, 53],0
[19, 53],0
[19, 54],0
[19, 54],0
[19, 54],0
[19, 54],0
[19, 54],0
[19, 55],0
[19, 55],0
[19, 55],0
[19, 55],0
[19, 55],0
[19, 56],0
[19, 56],0
[19, 56],0
[19, 56],0
[19, 56],0
[19, 57],0
[19, 57],0
[19, 57],0
[19, 57],0
[19, 57],0
[19, 58],0
[19, 58],0
[19, 58],0
[19, 58],0
[19, 58],0
[19, 59],0
[19, 59],0
[19, 59],0
[19, 59],0
[19, 59],0
[20, 0],0
[20, 0],0
[20, 0],0
[20, 0],0
[20, 0],0
[20, 1],0
[20, 1],0
[20, 1],0
[20, 1],0
[20, 1],0
[20, 1],0
[20, 2],0
[20, 2],0
[20, 2],0
[20, 2],0
[20, 2],0
[20, 3],0
[20, 3],0
[20, 3],0
[20, 3],0
[20, 3],0
[20, 4],0
[20, 4],0
[20, 4],0
[20, 4],0
[20, 4],0
[20, 5],0
[20, 5],0
[20, 5],0
[20, 5],0
[20, 5],0
[20, 6],0
[20, 6],0
[20, 6],0
[20, 6],0
[20, 6],0
[20, 7],0
[20, 7],0
[20, 7],0
[20, 7],0
[20, 7],0
[20, 8],0
[20, 8],0
[20, 8],0
[20, 8],0
[20, 8],-31
[20, 9],31
[20, 9],0
[20, 9],0
[20, 9],0
[20, 9],0
[20, 10],0
[20, 10],0
[20, 10],0
[20, 10],0
[20, 10],0
[20, 11],0
[20, 11],0
[20, 11],0
[20, 11],0
[20, 11],0
[20, 12],0
[20, 12],0
[20, 12],0
[20, 12],0
[20, 12],0
[20, 13],0
[20, 13],0
[20, 13],0
[20, 13],0
[20, 13],0
[20, 14],0
[20, 14],0
[20, 14],0
[20, 14],0
[20, 14],0
[20, 15],0
[20, 15],0
[20, 15],0
[20, 15],0
[20, 15],0
[20, 15],0
[20, 16],0
[20, 16],0
[20, 16],0
[20, 16],0
[20, 16],0
[20, 17],0
[20, 17],0
[20, 17],0
[20, 17],0
[20, 17],0
[20, 18],0
[20, 18],0
[20, 18],0
[20, 18],0
[20, 18],0
[20, 19],0
[20, 19],0
[20, 19],0
[20, 19],0
[20, 19],0
[20, 20],0
[20, 20],0
[20, 20],0
[20, 20],0
[20, 20],0
[20, 21],0
[20, 21],0
[20, 21],0
[20, 21],0
[20, 21],0
[20, 22],0
[20, 22],0
[20, 22],0
[20, 22],0
[20, 22],0
[20, 23],0
[20, 23],0
[20, 23],0
[20, 23],0
[20, 23],0
[20, 24],0
[20, 24],0
[20, 24],0
[20, 24],0
[20, 24],0
[20, 25],0
[20, 25],0
[20, 25],0
[20, 25],0
[20, 25],0
[20, 25],0
[20, 26],0
[20, 26],0
[20, 26],0
[20, 26],0
[20, 26],0
[20, 27],0
[20, 27],0
[20, 27],0
[20, 27],0
[20, 27],0
[20, 28],0
[20, 28],0
[20, 28],0
[20, 28],0
[20, 28],0
[20, 29],0
[20, 29],0
[20, 29],0
[20, 29],0
[20, 29],0
[20, 30],0
[20, 30],0
[20, 30],0
[20, 30],0
[20, 30],0
[20, 31],0
[20, 31],0
[20, 31],0
[20, 31],0
[20, 31],0
[20, 32],0
[20, 32],0
[20, 32],0
[20, 32],0
[20, 32],274
[20, 33],-255
[20, 33],0
[20, 33],0
[20, 33],0
[20, 34],0
[20, 34],0
[20, 34],0
[20, 34],0
[20, 34],0
[20, 35],0
[20, 35],0
[20, 35],0
[20, 35],0
[20, 35],0
[20, 36],0
[20, 36],0
[20, 36],0
[20, 36],0
[20, 36],0
[20, 36],0
[20, 37],0
[20, 37],0
[20, 37],0
[20, 37],255
[20, 38],-255
[20, 38],0
[20, 38],0
[20, 38],0
[20, 38],0
[20, 39],0
[20, 39],0
[20, 39],0
[20, 39],0
[20, 39],0
[20, 40],0
[20, 40],0
[20, 40],0
[20, 40],0
[20, 40],0
[20, 41],0
[20, 41],0
[20, 41],0
[20, 41],0
[20, 41],0
[20, 42],0
[20, 42],0
[20, 42],0
[20, 42],0
[20, 42],0
[20, 43],0
[20, 43],0
[20, 43],0
[20, 43],0
[20, 43],0
[20, 44],0
[20, 44],0
[20, 44],0
[20, 44],0
[20, 44],0
[20, 45],0
[20, 45],0
[20, 45],0
[20, 45],0
[20, 45],0
[20, 46],0
[20, 46],0
[20, 46],0
[20, 46],0
[20, 46],0
[20, 47],0
[20, 47],0
[20, 47],0
[20, 47],0
[20, 47],0
[20, 47],0
[20, 48],0
[20, 48],0
[20, 48],0
[20, 48],0
[20, 48],0
[20, 49],0
[20, 49],0
[20, 49],0
[20, 49],0
[20, 49],0
[20, 50],0
[20, 50],0
[20, 50],0
[20, 50],0
[20, 50],0
[20, 51],0
[20, 51],0
[20, 51],0
[20, 51],0
[20, 51],0
[20, 52],0
[20, 52],0
[20, 52],0
[20, 52],0
[20, 52],0
[20, 53],0
[20, 53],0
[20, 53],0
[20, 53],0
[20, 53],40
[20, 54],0
[20, 54],0
[20, 54],9
[20, 54],-9
[20, 54],0
[20, 55],0
[20, 55],0
[20, 55],0
[20, 55],0
[20, 55],0
[20, 56],0
[20, 56],0
[20, 56],0
[20, 56],0
[20, 56],0
[20, 57],0
[20, 57],0
[20, 57],0
[20, 57],0
[20, 57],0
[20, 57],0
[20, 58],0
[20, 58],0
[20, 58],0
[20, 58],0
[20, 58],0
[20, 59],0
[20, 59],0
[20, 59],0
[20, 59],0
[20, 59],0
[21, 0],0
[21, 0],0
[21, 0],0
[21, 0],0
[21, 0],0
[21, 1],0
[21, 1],0
[21, 1],0
[21, 1],0
[21, 1],0
[21, 2],0
[21, 2],0
[21, 2],0
[21, 2],0
[21, 2],0
[21, 3],0
[21, 3],0
[21, 3],0
[21, 3],0
[21, 3],0
[21, 4],0
[21, 4],0
[21, 4],0
[21, 4],0
[21, 4],0
[21, 5],0
[21, 5],0
[21, 5],0
[21, 5],0
[21, 5],0
[21, 6],0
[21, 6],0
[21, 6],0
[21, 6],0
[21, 6],0
[21, 6],0
[21, 7],0
[21, 7],0
[21, 7],0
[21, 7],0
[21, 7],0
[21, 8],0
[21, 8],0
[21, 8],0
[21, 8],0
[21, 8],0
[21, 9],0
[21, 9],0
[21, 9],0
[21, 9],0
[21, 9],0
[21, 10],0
[21, 10],0
[21, 10],0
[21, 10],0
[21, 10],0
[21, 11],0
[21, 11],0
[21, 11],0
[21, 11],0
[21, 11],0
[21, 12],0
[21, 12],0
[21, 12],0
[21, 12],0
[21, 12],0
[21, 13],0
[21, 13],0
[21, 13],0
[21, 13],0
[21, 13],0
[21, 14],0
[21, 14],0
[21, 14],0
[21, 14],0
[21, 14],0
[21, 15],0
[21, 15],0
[21, 15],0
[21, 15],0
[21, 15],0
[21, 16],0
[21, 16],0
[21, 16],0
[21, 16],0
[21, 16],0
[21, 16],0
[21, 17],0
[21, 17],0
[21, 17],0
[21, 17],0
[21, 17],0
[21, 18],0
[21, 18],0
[21, 18],0
[21, 18],0
[21, 18],0
[21, 19],0
[21, 19],0
[21, 19],0
[21, 19],0
[21, 19],0
[21, 20],0
[21, 20],0
[21, 20],0
[21, 20],0
[21, 20],0
[21, 21],0
[21, 21],0
[21, 21],0
[21, 21],0
[21, 21],0
[21, 22],0
[21, 22],0
[21, 22],0
[21, 22],0
[21, 22],0
[21, 23],0
[21, 23],0
[21, 23],0
[21, 23],0
[21, 23],0
[21, 24],0
[21, 24],0
[21, 24],0
[21, 24],0
[21, 24],0
[21, 25],0
[21, 25],0
[21, 25],0
[21, 25],0
[21, 25],0
[21, 26],0
[21, 26],0
[21, 26],0
[21, 26],0
[21, 26],0
[21, 26],0
[21, 27],0
[21, 27],0
[21, 27],0
[21, 27],0
[21, 27],0
[21, 28],0
[21, 28],0
[21, 28],0
[21, 28],0
[21, 28],0
[21, 29],0
[21, 29],0
[21, 29],0
[21, 29],0
[21, 29],0
[21, 30],0
[21, 30],0
[21, 30],0
[21, 30],0
[21, 30],0
[21, 31],0
[21, 31],0
[21, 31],0
[21, 31],0
[21, 31],0
[21, 32],0
[21, 32],0
[21, 32],0
[21, 32],0
[21, 32],0
[21, 33],0
[21, 33],0
[21, 33],0
[21, 33],0
[21, 33],0
[21, 34],0
[21, 34],0
[21, 34],0
[21, 34],0
[21, 34],0
[21, 35],0
[21, 35],0
[21, 35],0
[21, 35],0
[21, 35],0
[21, 35],0
[21, 36],0
[21, 36],0
[21, 36],0
[21, 36],0
[21, 36],0
[21, 37],0
[21, 37],0
[21, 37],0
[21, 37],0
[21, 37],0
[21, 38],0
[21, 38],0
[21, 38],0
[21, 38],0
[21, 38],0
[21, 39],0
[21, 39],0
[21, 39],103
[21, 39],-103
[21, 39],0
[21, 40],0
[21, 40],0
[21, 40],0
[21, 40],0
[21, 40],0
[21, 41],0
[21, 41],0
[21, 41],0
[21, 41],0
[21, 41],0
[21, 42],0
[21, 42],0
[21, 42],0
[21, 42],0
[21, 42],0
[21, 43],0
[21, 43],0
[21, 43],0
[21, 43],0
[21, 43],0
[21, 44],0
[21, 44],0
[21, 44],0
[21, 44],0
[21, 44],0
[21, 45],0
[21, 45],0
[21, 45],0
[21, 45],0
[21, 45],0
[21, 45],0
[21, 46],0
[21, 46],0
[21, 46],0
[21, 46],0
[21, 46],0
[21, 47],0
[21, 47],0
[21, 47],0
[21, 47],0
[21, 47],0
[21, 48],0
[21, 48],0
[21, 48],0
[21, 48],0
[21, 48],0
[21, 49],0
[21, 49],0
[21, 49],0
[21, 49],0
[21, 49],0
[21, 50],0
[21, 50],0
[21, 50],0
[21, 50],0
[21, 50],0
[21, 51],0
[21, 51],0
[21, 51],0
[21, 51],0
[21, 51],0
[21, 52],0
[21, 52],0
[21, 52],0
[21, 52],0
[21, 52],0
[21, 53],0
[21, 53],0
[21, 53],0
[21, 53],0
[21, 53],0
[21, 54],0
[21, 54],0
[21, 54],0
[21, 54],0
[21, 54],0
[21, 54],0
[21, 55],0
[21, 55],0
[21, 55],0
[21, 55],0
[21, 55],0
[21, 56],0
[21, 56],0
[21, 56],0
[21, 56],0
[21, 56],0
[21, 57],0
[21, 57],0
[21, 57],0
[21, 57],0
[21, 57],0
[21, 58],0
[21, 58],0
[21, 58],0
[21, 58],0
[21, 58],0
[21, 59],0
[21, 59],-18
[21, 59],18
[21, 59],0
[21, 59],0
[22, 0],41
[22, 0],0
[22, 0],0
[22, 0],0
[22, 0],0
[22, 1],0
[22, 1],0
[22, 1],0
[22, 1],0
[22, 1],0
[22, 2],0
[22, 2],0
[22, 2],0
[22, 2],0
[22, 2],0
[22, 3],0
[22, 3],0
[22, 3],0
[22, 3],0
[22, 3],0
[22, 4],0
[22, 4],0
[22, 4],0
[22, 4],0
[22, 4],0
[22, 5],0
[22, 5],-19
[22, 5],19
[22, 5],0
[22, 5],0
[22, 6],0
[22, 6],0
[22, 6],0
[22, 6],0
[22, 6],0
[22, 7],0
[22, 7],0
[22, 7],0
[22, 7],0
[22, 7],0
[22, 7],0
[22, 8],0
[22, 8],0
[22, 8],0
[22, 8],0
[22, 8],0
[22, 9],0
[22, 9],0
[22, 9],0
[22, 9],0
[22, 9],0
[22, 10],0
[22, 10],0
[22, 10],0
[22, 10],0
[22, 10],0
[22, 11],0
[22, 11],0
[22, 11],0
[22, 11],0
[22, 11],0
[22, 12],0
[22, 12],0
[22, 12],0
[22, 12],0
[22, 12],0
[22, 13],0
[22, 13],0
[22, 13],0
[22, 13],0
[22, 13],0
[22, 14],0
[22, 14],0
[22, 14],0
[22, 14],0
[22, 14],0
[22, 15],0
[22, 15],0
[22, 15],0
[22, 15],0
[22, 15],0
[22, 16],0
[22, 16],0
[22, 16],0
[22, 16],0
[22, 16],0
[22, 17],0
[22, 17],0
[22, 17],0
[22, 17],0
[22, 17],0
[22, 17],0
[22, 18],0
[22, 18],0
[22, 18],0
[22, 18],0
[22, 18],52
[22, 19],0
[22, 19],0
[22, 19],0
[22, 19],0
[22, 19],0
[22, 20],0
[22, 20],0
[22, 20],0
[22, 20],0
[22, 20],0
[22, 21],0
[22, 21],0
[22, 21],0
[22, 21],0
[22, 21],0
[22, 22],0
[22, 22],0
[22, 22],0
[22, 22],0
[22, 22],0
[22, 23],0
[22, 23],0
[22, 23],0
[22, 23],0
[22, 23],0
[22, 24],0
[22, 24],0
[22, 24],0
[22, 24],0
[22, 24],0
[22, 25],0
[22, 25],0
[22, 25],0
[22, 25],0
[22, 25],0
[22, 26],0
[22, 26],0
[22, 26],0
[22, 26],0
[22, 26],0
[22, 27],0
[22, 27],0
[22, 27],0
[22, 27],0
[22, 27],0
[22, 27],0
[22, 28],0
[22, 28],0
[22, 28],0
[22, 28],0
[22, 28],0
[22, 29],0
[22, 29],0
[22, 29],0
[22, 29],0
[22, 29],0
[22, 30],0
[22, 30],0
[22, 30],0
[22, 30],0
[22, 30],0
[22, 31],0
[22, 31],0
[22, 31],0
[22, 31],0
[22, 31],0
[22, 32],0
[22, 32],0
[22, 32],0
[22, 32],0
[22, 32],0
[22, 33],0
[22, 33],0
[22, 33],0
[22, 33],0
[22, 33],0
[22, 34],0
[22, 34],0
[22, 34],0
[22, 34],0
[22, 34],0
[22, 35],0
[22, 35],0
[22, 35],0
[22, 35],0
[22, 35],0
[22, 36],0
[22, 36],0
[22, 36],0
[22, 36],0
[22, 36],0
[22, 37],0
[22, 37],0
[22, 37],0
[22, 37],0
[22, 37],0
[22, 38],0
[22, 38],0
[22, 38],0
[22, 38],0
[22, 38],0
[22, 38],0
[22, 39],0
[22, 39],0
[22, 39],0
[22, 39],0
[22, 39],0
[22, 40],0
[22, 40],0
[22, 40],0
[22, 40],0
[22, 40],0
[22, 41],0
[22, 41],0
[22, 41],0
[22, 41],0
[22, 41],0
[22, 42],0
[22, 42],0
[22, 42],0
[22, 42],0
[22, 42],0
[22, 43],0
[22, 43],0
[22, 43],0
[22, 43],0
[22, 43],0
[22, 44],0
[22, 44],0
[22, 44],0
[22, 44],0
[22, 44],0
[22, 45],0
[22, 45],0
[22, 45],0
[22, 45],0
[22, 45],0
[22, 46],0
[22, 46],0
[22, 46],0
[22, 46],0
[22, 46],0
[22, 47],0
[22, 47],0
[22, 47],0
[22, 47],0
[22, 47],0
[22, 48],0
[22, 48],0
[22, 48],0
[22, 48],0
[22, 48],0
[22, 49],0
[22, 49],0
[22, 49],0
[22, 49],0
[22, 49],0
[22, 49],0
[22, 50],0
[22, 50],0
[22, 50],0
[22, 50],0
[22, 50],0
[22, 51],0
[22, 51],0
[22, 51],0
[22, 51],0
[22, 51],0
[22, 52],0
[22, 52],0
[22, 52],0
[22, 52],0
[22, 52],0
[22, 53],0
[22, 53],0
[22, 53],0
[22, 53],0
[22, 53],0
[22, 54],0
[22, 54],0
[22, 54],0
[22, 54],0
[22, 54],0
[22, 55],0
[22, 55],0
[22, 55],0
[22, 55],0
[22, 55],0
[22, 56],0
[22, 56],0
[22, 56],119
[22, 56],-79
[22, 57],0
[22, 57],0
